2024-07-18 16:07


景顺长城沪港深精选股票A 000979
估值: 0.579878
      股票代码    股票名称      持股数      持仓市值  涨跌幅（%）  占净值比例     贡献（%）
0   601899    紫金矿业  3325.77  55939.38   -0.11   8.99 -0.009889
1    00883  中国海洋石油  3043.90  50001.19    1.89   8.03  0.151767
2   600674    川投能源  2216.24  36900.48     2.3   5.93   0.13639
3   600025    华能水电  3798.94  36393.86    2.24   5.85   0.13104
4    03993    洛阳钼业  4649.10  28027.37   -0.56   4.50   -0.0252
5   000933    神火股份  1342.86  26722.98   -0.27   4.29 -0.011583
6   000630    铜陵有色  6438.65  25561.46   -0.86   4.11 -0.035346
7   603599    广信股份  1569.88  22920.25    4.38   3.68  0.161184
8    00941    中国移动   309.70  18782.75    1.13   3.02  0.034126
9    00700    腾讯控股    64.77  17839.37    -0.7   2.87  -0.02009
10  002011    盾安环境   710.24   8949.03     2.5   1.44     0.036
11  605377    华旺科技   425.28   8947.91    1.53   1.44  0.022032
12  603993    洛阳钼业   375.01   3120.08     0.7   0.50    0.0035
13  600941    中国移动    11.46   1212.01    3.13   0.19  0.005947


东方红中证红利低波动指数C 012709
估值: 0.208922
      股票代码  股票名称     持股数     持仓市值  涨跌幅（%）  占净值比例     贡献（%）
0   001965  招商公路  393.66  4448.36     4.5   2.06    0.0927
1   601088  中国神华  100.82  3941.05    0.79   1.82  0.014378
2   000651  格力电器   98.62  3876.75    2.47   1.79  0.044213
3   601169  北京银行  654.72  3705.74   -0.87   1.71 -0.014877
4   601006  大秦铁路  494.51  3639.63    0.14   1.68  0.002352
5   600350  山东高速  424.42  3633.04    2.28   1.68  0.038304
6   600919  江苏银行  454.38  3589.60     0.0   1.66       0.0
7   601838  成都银行  253.32  3445.15    0.67   1.59  0.010653
8   601009  南京银行  381.76  3420.58     0.3   1.58   0.00474
9   601857  中国石油  331.51  3275.32    1.09   1.51  0.016459
10  301587  中瑞股份    0.31     6.64    1.63   0.00       0.0
11  301526  国际复材    0.97     3.95    0.31   0.00       0.0
12  688709  成都华微    0.10     2.03    1.18   0.00       0.0
13  688652  京仪装备    0.04     1.76    2.99   0.00       0.0
14  301559  中集环科    0.10     1.64    0.55   0.00       0.0


永赢股息优选C 008481
估值: 1.8299279999999998
      股票代码      股票名称      持股数     持仓市值  涨跌幅（%）  占净值比例     贡献（%）
0   601985      中国核电   485.84  4464.87    1.85   8.17  0.151145
1   601298       青岛港   592.03  4375.10    2.28   8.01  0.182628
2   600023      浙能电力   585.72  3906.75    1.58   7.15   0.11297
3   003816      中国广核   887.74  3586.47    2.65   6.57  0.174105
4   600027      华电国际   373.15  2563.54    2.01   4.69  0.094269
5    00836      华润电力   140.60  2327.44    0.46   4.26  0.019596
6   600011      华能国际   226.12  2121.01    1.98   3.88  0.076824
7    01071  华电国际电力股份   525.80  1997.22    1.06   3.66  0.038796
8    00902  华能国际电力股份   447.20  1868.94     0.2   3.42   0.00684
9   600887      伊利股份    56.96  1589.18    0.81   2.91  0.023571
10   01816     中广核电力   724.30  1523.34    2.15   2.79  0.059985
11   00135      昆仑能源   246.60  1459.82    1.97   2.67  0.052599
12  600483      福能股份    97.85  1030.36    1.85   1.89  0.034965
13  600027      华电国际  1013.77  7035.56    2.01   4.58  0.092058
14  601985      中国核电   646.29  6889.45    1.85   4.49  0.083065
15  600011      华能国际   715.08  6879.07    1.98   4.48  0.088704
16  601298       青岛港   558.06  5335.05    2.28   3.47  0.079116
17  003816      中国广核  1103.17  5107.68    2.65   3.33  0.088245
18  600941      中国移动    42.79  4599.93    3.13   3.00    0.0939
19   00902  华能国际电力股份   813.80  4300.46     0.2   2.80    0.0056
20   00941      中国移动    60.90  4279.83    1.13   2.79  0.031527
21  600023      浙能电力   585.72  4164.47    1.58   2.71  0.042818
22  601811      新华文轩   229.16  3210.50    2.26   2.09  0.047234
23   01071  华电国际电力股份   695.20  3001.16    1.06   1.95   0.02067
24   01816     中广核电力   898.10  2819.69    2.15   1.84   0.03956
25  600028      中国石化   368.36  2328.04     1.4   1.52   0.02128
26   00728      中国电信   522.00  2205.82    1.94   1.44  0.027936
27   00386  中国石油化工股份   344.20  1589.57    1.88   1.04  0.019552
28  601728      中国电信   241.28  1483.87     2.1   0.97   0.02037


